image: ./map_test.pgm
resolution: 0.050000
origin: [-7.476114, -5.239527, 0.000000]
negate: 0
occupied_thresh: 0.65
free_thresh: 0.196

